Fe(acac)3 -- vibronic analysis
TPSSh / def2-TZVP(Fe,O) def2-SVP(C,H) / SMD(water) / TDA, ORCA 6
Ground state: 123 real modes, 0 imaginary


====================================================================================================
ROOT 15   E = 2.918 eV = 424.8 nm
====================================================================================================

A. FRANCK-CONDON ACTIVITY  (excited-state gradient projected on ground-state modes)
   total reorganisation energy = 2543.7 cm-1 = 0.3154 eV
   gradient unaccounted for by the vibrations = 0.155 %

 mode  freq/cm-1        grad/au        displ          S_k  lambda/cm-1    RR(rel)
    6      15.32    2.581827e-8      -0.0443      0.00098         0.02     0.0000
    7      19.49   -2.642251e-7       0.3157      0.04984         0.97     0.0000
    8      27.42    9.945882e-9      -0.0071      0.00003         0.00     0.0000
    9      40.15   -2.243263e-7       0.0907      0.00411         0.17     0.0000
   10      40.93    2.666372e-6      -1.0469      0.54798        22.43     0.0022
   11      42.88   -6.783254e-7       0.2484      0.03084         1.32     0.0001
   12      81.75   -1.902559e-6       0.2647      0.03502         2.86     0.0006
   13      81.88    3.503699e-8      -0.0049      0.00001         0.00     0.0000
   14      82.06   -1.260932e-7       0.0174      0.00015         0.01     0.0000
   15      93.48   -1.100417e-9       0.0001      0.00000         0.00     0.0000
   16      94.36   -1.706393e-6       0.1914      0.01832         1.73     0.0004
   17      95.82   -1.504667e-6       0.1649      0.01360         1.30     0.0003
   18     116.06    2.340563e-9      -0.0002      0.00000         0.00     0.0000
   19     138.88    4.614079e-6      -0.2899      0.04202         5.84     0.0019
   20     144.77    3.101490e-7      -0.0183      0.00017         0.02     0.0000
   21     151.65    2.569161e-5      -1.4145      1.00044       151.71     0.0547
   22     156.20    1.346940e-7      -0.0071      0.00003         0.00     0.0000
   23     157.47    2.228094e-5      -1.1593      0.67201       105.82     0.0396
   24     160.65   -1.085251e-7       0.0055      0.00002         0.00     0.0000
   25     174.66   -2.201794e-6       0.0981      0.00481         0.84     0.0003
   26     175.35    2.690314e-5      -1.1913      0.70965       124.43     0.0519
   27     191.57    3.962017e-7      -0.0154      0.00012         0.02     0.0000
   28     194.40    3.126842e-5      -1.1861      0.70345       136.75     0.0632
   29     200.62    7.789171e-5      -2.8185      3.97201       796.85     0.3800
   30     241.42    2.514691e-5      -0.6893      0.23756        57.35     0.0329
   31     242.16   -1.120045e-6       0.0306      0.00047         0.11     0.0001
   32     246.88   -3.453995e-5       0.9155      0.41911       103.47     0.0607
   33     258.18    3.596518e-8      -0.0009      0.00000         0.00     0.0000
   34     274.45   -7.067100e-7       0.0160      0.00013         0.04     0.0000
   35     277.60   -4.466062e-5       0.9928      0.49282       136.81     0.0903
   36     400.30   -2.487505e-7       0.0032      0.00001         0.00     0.0000
   37     402.43   -9.531933e-6       0.1214      0.00737         2.97     0.0028
   38     406.08   -4.878286e-8       0.0006      0.00000         0.00     0.0000
   39     417.21    1.048824e-7      -0.0013      0.00000         0.00     0.0000
   40     420.71   -1.191367e-5       0.1420      0.01008         4.24     0.0042
   41     435.03    1.118833e-4      -1.2678      0.80372       349.64     0.3616
   42     531.25    1.049086e-5      -0.0881      0.00388         2.06     0.0026
   43     532.31    2.521514e-7      -0.0021      0.00000         0.00     0.0000
   44     540.78    1.232474e-7      -0.0010      0.00000         0.00     0.0000
   45     562.81    2.010632e-6      -0.0155      0.00012         0.07     0.0001
   46     563.90   -3.628950e-6       0.0279      0.00039         0.22     0.0003
   47     563.97   -2.275044e-6       0.0175      0.00015         0.09     0.0001
   48     654.64    1.587364e-7      -0.0010      0.00000         0.00     0.0000
   49     656.48   -6.258601e-6       0.0383      0.00073         0.48     0.0007
   50     661.09    5.108149e-5      -0.3090      0.04774        31.56     0.0496
   51     664.88   -5.416185e-7       0.0032      0.00001         0.00     0.0000
   52     666.77    3.992880e-6      -0.0238      0.00028         0.19     0.0003
   53     667.32   -6.320973e-5       0.3770      0.07107        47.43     0.0752
   54     811.06    5.624399e-7      -0.0025      0.00000         0.00     0.0000
   55     811.22   -8.497200e-6       0.0378      0.00071         0.58     0.0011
   56     812.45    8.158493e-8      -0.0004      0.00000         0.00     0.0000
   57     948.07   -7.425238e-6       0.0262      0.00034         0.32     0.0007
   58     948.09   -1.036680e-5       0.0365      0.00067         0.63     0.0014
   59     949.43   -3.062699e-5       0.1076      0.00579         5.50     0.0124
   60     950.09   -4.038862e-7       0.0014      0.00000         0.00     0.0000
   61     950.32   -2.529235e-5       0.0888      0.00394         3.74     0.0085
   62     951.46   -2.409215e-7       0.0008      0.00000         0.00     0.0000
   63    1026.06   -1.526332e-7       0.0005      0.00000         0.00     0.0000
   64    1026.29    4.738572e-6      -0.0148      0.00011         0.11     0.0003
   65    1026.34    1.705408e-5      -0.0533      0.00142         1.46     0.0036
   66    1026.71   -8.847683e-7       0.0028      0.00000         0.00     0.0000
   67    1027.07   -5.157820e-8       0.0002      0.00000         0.00     0.0000
   68    1028.03    7.979503e-8      -0.0002      0.00000         0.00     0.0000
   69    1031.27   -4.304804e-5       0.1337      0.00893         9.21     0.0226
   70    1031.41    9.136331e-7      -0.0028      0.00000         0.00     0.0000
   71    1035.87   -9.660245e-5       0.2979      0.04438        45.97     0.1132
   72    1039.98   -6.552775e-6       0.0201      0.00020         0.21     0.0005
   73    1040.12   -7.709678e-7       0.0024      0.00000         0.00     0.0000
   74    1040.16    2.145378e-6      -0.0066      0.00002         0.02     0.0001
   75    1193.64   -2.494057e-7       0.0006      0.00000         0.00     0.0000
   76    1194.28    4.447529e-8      -0.0001      0.00000         0.00     0.0000
   77    1195.97   -1.863904e-7       0.0005      0.00000         0.00     0.0000
   78    1289.25   -5.842711e-8       0.0001      0.00000         0.00     0.0000
   79    1290.46   -3.387319e-5       0.0751      0.00282         3.64     0.0112
   80    1295.48    1.029633e-4      -0.2270      0.02577        33.39     0.1028
   81    1346.36   -5.832278e-5       0.1214      0.00737         9.92     0.0317
   82    1346.79   -6.545367e-7       0.0014      0.00000         0.00     0.0000
   83    1348.40   -7.666218e-8       0.0002      0.00000         0.00     0.0000
   84    1370.23    5.657484e-6      -0.0115      0.00007         0.09     0.0003
   85    1370.27    1.576362e-6      -0.0032      0.00001         0.01     0.0000
   86    1370.63   -1.948656e-7       0.0004      0.00000         0.00     0.0000
   87    1373.62    3.065479e-6      -0.0062      0.00002         0.03     0.0001
   88    1373.66   -3.846144e-5       0.0777      0.00302         4.14     0.0135
   89    1373.93    3.929364e-5      -0.0793      0.00315         4.32     0.0141
   90    1442.12    5.203191e-6      -0.0098      0.00005         0.07     0.0002
   91    1442.18   -2.182245e-5       0.0410      0.00084         1.21     0.0041
   92    1442.25   -2.018458e-5       0.0379      0.00072         1.04     0.0035
   93    1442.30    6.456783e-7      -0.0012      0.00000         0.00     0.0000
   94    1442.38   -7.295689e-6       0.0137      0.00009         0.14     0.0005
   95    1442.40   -8.182685e-6       0.0154      0.00012         0.17     0.0006
   96    1442.81    3.635367e-5      -0.0682      0.00233         3.36     0.0115
   97    1442.82   -3.746490e-5       0.0703      0.00247         3.56     0.0122
   98    1443.86    1.295082e-4      -0.2427      0.02945        42.53     0.1460
   99    1445.41    1.839298e-7      -0.0003      0.00000         0.00     0.0000
  100    1446.26   -6.208897e-6       0.0116      0.00007         0.10     0.0003
  101    1446.38    4.540200e-7      -0.0008      0.00000         0.00     0.0000
  102    1542.81    4.723990e-5      -0.0802      0.00321         4.96     0.0182
  103    1543.19   -1.321538e-6       0.0022      0.00000         0.00     0.0000
  104    1550.98   -3.366371e-5       0.0567      0.00161         2.49     0.0092
  105    1551.21   -6.131146e-6       0.0103      0.00005         0.08     0.0003
  106    1551.82    7.350934e-7      -0.0012      0.00000         0.00     0.0000
  107    1559.53    3.522985e-4      -0.5882      0.17297       269.75     1.0000
  108    3043.94    3.810544e-6      -0.0023      0.00000         0.01     0.0001
  109    3043.96   -4.815227e-6       0.0029      0.00000         0.01     0.0001
  110    3044.06   -5.601347e-6       0.0034      0.00001         0.02     0.0001
  111    3044.11    3.110546e-5      -0.0190      0.00018         0.55     0.0040
  112    3044.24   -3.244365e-7       0.0002      0.00000         0.00     0.0000
  113    3044.38    4.350765e-6      -0.0027      0.00000         0.01     0.0001
  114    3122.47   -9.146777e-8       0.0001      0.00000         0.00     0.0000
  115    3122.52   -3.810811e-8       0.0000      0.00000         0.00     0.0000
  116    3122.96   -2.029151e-7       0.0001      0.00000         0.00     0.0000
  117    3122.99   -8.685522e-8       0.0001      0.00000         0.00     0.0000
  118    3123.81   -9.172866e-7       0.0005      0.00000         0.00     0.0000
  119    3123.83    1.439587e-6      -0.0008      0.00000         0.00     0.0000
  120    3164.37   -2.842286e-6       0.0016      0.00000         0.00     0.0000
  121    3164.39   -6.536980e-6       0.0038      0.00001         0.02     0.0002
  122    3167.31   -4.182014e-6       0.0024      0.00000         0.01     0.0001
  123    3167.33   -2.304219e-6       0.0013      0.00000         0.00     0.0000
  124    3167.85   -2.686100e-6       0.0015      0.00000         0.00     0.0000
  125    3167.90    2.982120e-6      -0.0017      0.00000         0.00     0.0000
  126    3217.33    1.348949e-5      -0.0076      0.00003         0.09     0.0007
  127    3217.38   -2.468265e-5       0.0139      0.00010         0.31     0.0024
  128    3219.72    8.026945e-7      -0.0005      0.00000         0.00     0.0000

B. DUSCHINSKY MODE CORRESPONDENCE  (200-1800 cm-1 block)
   excited state: 114 real modes, 9 imaginary
   block: 79 ground-state x 77 excited-state modes
   mean participation = 4.322   (1.0 = modes preserved intact)
   modes with overlap > 0.7 : 12 of 77

   ES/cm-1    <-GS/cm-1      shift    overlap  participation    GSidx
    219.77       258.18     -38.41     0.4196           3.68       33
    227.43       246.88     -19.45     0.5889           2.36       32
    232.38       241.42      -9.04     0.3673           4.47       30
    243.15       242.16       0.98     0.5240           3.00       31
    279.17       277.60       1.56     0.3397           5.31       35
    334.26       406.08     -71.82     0.5796           2.66       38
    349.18       435.03     -85.85     0.4604           3.45       41
    362.21       417.21     -55.00     0.2900           4.94       39
    391.02       402.43     -11.42     0.7583           1.64       37
    406.84       400.30       6.54     0.5257           2.78       36
    415.76       420.71      -4.95     0.4713           3.72       40
    435.58       406.08      29.50     0.3250           5.48       38
    513.62       531.25     -17.62     0.9043           1.22       42
    527.17       562.81     -35.64     0.7574           1.73       45
    541.04       532.31       8.73     0.7800           1.59       43
    569.61       563.97       5.64     0.2879           6.20       47
    577.30       563.90      13.40     0.6241           2.47       46
    594.11       563.90      30.21     0.2598           7.19       46
    605.87       563.97      41.90     0.4417           4.11       47
    631.42       654.64     -23.22     0.3414           4.75       48
    640.86       661.09     -20.24     0.2933           4.26       50
    658.29       656.48       1.81     0.2975           4.82       49
    675.10       667.32       7.78     0.3349           4.56       53
    686.89       664.88      22.01     0.5500           3.02       51
    720.13       667.32      52.81     0.1676          13.33       53
    775.16       811.06     -35.90     0.2740           7.54       54
    784.72       811.06     -26.34     0.1602          11.52       54
    798.60       811.22     -12.61     0.7145           1.85       55
    806.95       811.06      -4.11     0.4737           2.99       54
    918.74       951.46     -32.72     0.2620           5.64       62
    936.48       949.43     -12.95     0.6677           2.06       59
    943.04       950.32      -7.28     0.7494           1.71       61
    955.91       948.09       7.82     0.5284           2.99       58
    958.58       950.09       8.49     0.4488           3.66       60
    975.30       951.46      23.84     0.3404           4.32       62
   1002.65      1026.29     -23.64     0.2732           6.34       64
   1018.22      1026.06      -7.85     0.5515           2.69       63
   1021.56      1027.07      -5.51     0.3893           4.65       67
   1023.29      1028.03      -4.74     0.8637           1.33       68
   1024.43      1026.71      -2.28     0.3891           4.19       66
   1033.06      1039.98      -6.92     0.6113           2.16       72
   1040.09      1026.34      13.74     0.4883           3.64       65
   1047.85      1031.27      16.58     0.6136           2.51       69
   1052.33      1031.41      20.92     0.3721           4.46       70
   1078.58      1040.12      38.46     0.4405           3.44       73
   1095.41      1040.16      55.25     0.2969           7.40       74
   1137.39      1040.16      97.23     0.2956           8.51       74
   1175.49      1194.28     -18.79     0.8330           1.44       76
   1179.93      1193.64     -13.71     0.8581           1.35       75
   1202.47      1195.97       6.50     0.8012           1.55       77
   1237.58      1290.46     -52.88     0.3729           5.50       79
   1284.93      1289.25      -4.32     0.6315           2.11       78
   1318.01      1295.48      22.53     0.5627           2.99       80
   1338.21      1373.93     -35.72     0.1898           8.83       89
   1365.40      1370.63      -5.23     0.7182           1.84       86
   1367.18      1370.23      -3.05     0.5558           2.75       84
   1373.95      1373.66       0.29     0.5417           2.84       88
   1385.76      1373.93      11.83     0.2506           6.89       89
   1392.23      1370.27      21.95     0.2746           6.68       85
   1399.75      1346.36      53.38     0.3723           5.76       81
   1406.55      1346.79      59.76     0.2186           9.03       82
   1421.93      1445.41     -23.48     0.2434           8.81       99
   1434.75      1446.26     -11.51     0.3534           5.60      100
   1434.99      1442.18      -7.19     0.5972           2.51       91
   1436.22      1442.30      -6.08     0.8562           1.36       93
   1438.26      1442.12      -3.86     0.5087           3.36       90
   1440.58      1442.25      -1.67     0.5192           2.85       92
   1442.06      1443.86      -1.80     0.6051           2.57       98
   1444.36      1442.40       1.97     0.4876           3.64       95
   1456.98      1446.38      10.59     0.2369           8.72      101
   1465.00      1446.26      18.75     0.2467           8.23      100
   1482.13      1551.21     -69.08     0.3686           4.76      105
   1500.36      1551.21     -50.85     0.4034           3.20      105
   1506.00      1550.98     -44.98     0.6025           2.50      104
   1525.81      1551.82     -26.01     0.6322           2.45      106
   1551.33      1559.53      -8.20     0.6458           2.19      107
   1581.05      1551.82      29.23     0.2279          12.19      106

====================================================================================================
ROOT 61   E = 4.475 eV = 277 nm
====================================================================================================

A. FRANCK-CONDON ACTIVITY  (excited-state gradient projected on ground-state modes)
   total reorganisation energy = 4749.8 cm-1 = 0.5889 eV
   gradient unaccounted for by the vibrations = 0.210 %

 mode  freq/cm-1        grad/au        displ          S_k  lambda/cm-1    RR(rel)
    6      15.32    1.163471e-7      -0.1995      0.01990         0.30     0.0000
    7      19.49   -9.975830e-9       0.0119      0.00007         0.00     0.0000
    8      27.42    2.069656e-7      -0.1482      0.01099         0.30     0.0000
    9      40.15   -3.589961e-7       0.1451      0.01053         0.42     0.0000
   10      40.93    5.382063e-6      -2.1131      2.23264        91.39     0.0102
   11      42.88    1.758990e-6      -0.6440      0.20739         8.89     0.0010
   12      81.75   -1.372417e-6       0.1909      0.01822         1.49     0.0003
   13      81.88    2.096211e-8      -0.0029      0.00000         0.00     0.0000
   14      82.06   -8.637361e-8       0.0119      0.00007         0.01     0.0000
   15      93.48   -7.114092e-8       0.0081      0.00003         0.00     0.0000
   16      94.36   -2.263397e-6       0.2539      0.03223         3.04     0.0008
   17      95.82   -2.724841e-6       0.2987      0.04461         4.27     0.0011
   18     116.06   -3.781452e-7       0.0311      0.00048         0.06     0.0000
   19     138.88    2.020803e-5      -1.2696      0.80593       111.92     0.0423
   20     144.77    4.366158e-7      -0.0258      0.00033         0.05     0.0000
   21     151.65    5.724198e-5      -3.1516      4.96633       753.14     0.3105
   22     156.20   -5.452978e-8       0.0029      0.00000         0.00     0.0000
   23     157.47    2.224722e-5      -1.1576      0.66997       105.50     0.0452
   24     160.65    1.395495e-7      -0.0070      0.00002         0.00     0.0000
   25     174.66   -6.038697e-6       0.2690      0.03618         6.32     0.0030
   26     175.35    6.563104e-5      -2.9063      4.22334       740.54     0.3530
   27     191.57    3.501495e-7      -0.0136      0.00009         0.02     0.0000
   28     194.40    5.177174e-5      -1.9639      1.92844       374.89     0.1981
   29     200.62    8.552305e-5      -3.0947      4.78844       960.64     0.5240
   30     241.42   -6.780255e-6       0.1859      0.01727         4.17     0.0027
   31     242.16   -1.525943e-7       0.0042      0.00001         0.00     0.0000
   32     246.88   -3.855630e-5       1.0220      0.52224       128.93     0.0865
   33     258.18    1.798516e-7      -0.0045      0.00001         0.00     0.0000
   34     274.45   -6.433771e-8       0.0015      0.00000         0.00     0.0000
   35     277.60    2.733459e-5      -0.6076      0.18462        51.25     0.0387
   36     400.30   -7.158143e-8       0.0009      0.00000         0.00     0.0000
   37     402.43    5.343981e-6      -0.0681      0.00232         0.93     0.0010
   38     406.08   -1.273105e-7       0.0016      0.00000         0.00     0.0000
   39     417.21    2.917599e-7      -0.0035      0.00001         0.00     0.0000
   40     420.71   -5.669431e-6       0.0676      0.00228         0.96     0.0011
   41     435.03    1.739818e-4      -1.9715      1.94348       845.47     1.0000
   42     531.25   -7.404006e-6       0.0622      0.00193         1.03     0.0015
   43     532.31    4.955865e-8      -0.0004      0.00000         0.00     0.0000
   44     540.78    1.968848e-7      -0.0016      0.00000         0.00     0.0000
   45     562.81   -2.628621e-6       0.0202      0.00020         0.12     0.0002
   46     563.90   -6.312550e-6       0.0485      0.00117         0.66     0.0010
   47     563.97   -3.798248e-6       0.0292      0.00043         0.24     0.0004
   48     654.64    2.724284e-7      -0.0017      0.00000         0.00     0.0000
   49     656.48   -2.484243e-6       0.0152      0.00012         0.08     0.0001
   50     661.09    9.175952e-5      -0.5551      0.15404       101.84     0.1830
   51     664.88   -1.254573e-7       0.0008      0.00000         0.00     0.0000
   52     666.77    4.873402e-6      -0.0291      0.00042         0.28     0.0005
   53     667.32   -7.716860e-5       0.4603      0.10593        70.69     0.1282
   54     811.06    3.226741e-7      -0.0014      0.00000         0.00     0.0000
   55     811.22   -5.436307e-6       0.0242      0.00029         0.24     0.0005
   56     812.45    1.730760e-8      -0.0001      0.00000         0.00     0.0000
   57     948.07    6.270797e-6      -0.0221      0.00024         0.23     0.0006
   58     948.09    9.450680e-6      -0.0333      0.00055         0.53     0.0014
   59     949.43   -1.623058e-5       0.0570      0.00163         1.54     0.0040
   60     950.09    1.050194e-7      -0.0004      0.00000         0.00     0.0000
   61     950.32   -5.648517e-5       0.1982      0.01965        18.67     0.0483
   62     951.46   -4.519150e-7       0.0016      0.00000         0.00     0.0000
   63    1026.06   -1.550499e-9       0.0000      0.00000         0.00     0.0000
   64    1026.29    3.719811e-6      -0.0116      0.00007         0.07     0.0002
   65    1026.34    1.380323e-5      -0.0432      0.00093         0.96     0.0027
   66    1026.71   -3.332004e-6       0.0104      0.00005         0.06     0.0002
   67    1027.07   -2.560331e-8       0.0001      0.00000         0.00     0.0000
   68    1028.03   -1.116657e-7       0.0003      0.00000         0.00     0.0000
   69    1031.27    1.190138e-5      -0.0370      0.00068         0.70     0.0020
   70    1031.41   -1.698795e-7       0.0005      0.00000         0.00     0.0000
   71    1035.87   -1.302075e-4       0.4016      0.08063        83.52     0.2352
   72    1039.98   -1.390440e-5       0.0426      0.00091         0.94     0.0027
   73    1040.12   -2.976242e-6       0.0091      0.00004         0.04     0.0001
   74    1040.16    8.908685e-6      -0.0273      0.00037         0.39     0.0011
   75    1193.64    6.364484e-7      -0.0016      0.00000         0.00     0.0000
   76    1194.28   -3.454943e-8       0.0001      0.00000         0.00     0.0000
   77    1195.97   -2.151034e-7       0.0005      0.00000         0.00     0.0000
   78    1289.25    3.389975e-7      -0.0008      0.00000         0.00     0.0000
   79    1290.46   -2.462916e-6       0.0055      0.00001         0.02     0.0001
   80    1295.48    9.311433e-5      -0.2053      0.02108        27.31     0.0962
   81    1346.36    7.053365e-6      -0.0147      0.00011         0.15     0.0005
   82    1346.79   -1.868703e-7       0.0004      0.00000         0.00     0.0000
   83    1348.40    1.614668e-7      -0.0003      0.00000         0.00     0.0000
   84    1370.23    4.467522e-6      -0.0091      0.00004         0.06     0.0002
   85    1370.27    1.382995e-6      -0.0028      0.00000         0.01     0.0000
   86    1370.63   -1.731914e-7       0.0004      0.00000         0.00     0.0000
   87    1373.62   -9.014378e-8       0.0002      0.00000         0.00     0.0000
   88    1373.66    1.105749e-5      -0.0223      0.00025         0.34     0.0013
   89    1373.93    3.787569e-5      -0.0765      0.00292         4.02     0.0150
   90    1442.12   -6.446627e-7       0.0012      0.00000         0.00     0.0000
   91    1442.18    2.023526e-5      -0.0380      0.00072         1.04     0.0041
   92    1442.25   -2.259129e-5       0.0424      0.00090         1.30     0.0051
   93    1442.30   -7.450834e-7       0.0014      0.00000         0.00     0.0000
   94    1442.38   -4.378806e-6       0.0082      0.00003         0.05     0.0002
   95    1442.40   -3.748295e-6       0.0070      0.00002         0.04     0.0001
   96    1442.81   -1.503210e-5       0.0282      0.00040         0.57     0.0023
   97    1442.82    1.766041e-5      -0.0331      0.00055         0.79     0.0031
   98    1443.86    1.188951e-4      -0.2228      0.02482        35.84     0.1407
   99    1445.41    5.755163e-7      -0.0011      0.00000         0.00     0.0000
  100    1446.26   -1.709640e-5       0.0320      0.00051         0.74     0.0029
  101    1446.38    6.234320e-7      -0.0012      0.00000         0.00     0.0000
  102    1542.81   -6.941707e-5       0.1178      0.00694        10.70     0.0449
  103    1543.19    1.605512e-6      -0.0027      0.00000         0.01     0.0000
  104    1550.98   -8.600815e-5       0.1448      0.01048        16.26     0.0685
  105    1551.21   -1.255103e-5       0.0211      0.00022         0.35     0.0015
  106    1551.82    2.281159e-6      -0.0038      0.00001         0.01     0.0000
  107    1559.53    2.813613e-4      -0.4697      0.11033       172.05     0.7295
  108    3043.94    5.463384e-8      -0.0000      0.00000         0.00     0.0000
  109    3043.96   -4.558650e-8       0.0000      0.00000         0.00     0.0000
  110    3044.06    6.037935e-7      -0.0004      0.00000         0.00     0.0000
  111    3044.11   -3.243005e-6       0.0020      0.00000         0.01     0.0000
  112    3044.24   -7.891331e-7       0.0005      0.00000         0.00     0.0000
  113    3044.38    1.637641e-5      -0.0100      0.00005         0.15     0.0013
  114    3122.47   -1.041381e-6       0.0006      0.00000         0.00     0.0000
  115    3122.52   -9.865300e-7       0.0006      0.00000         0.00     0.0000
  116    3122.96   -4.554877e-7       0.0003      0.00000         0.00     0.0000
  117    3122.99   -2.329445e-7       0.0001      0.00000         0.00     0.0000
  118    3123.81   -6.305438e-7       0.0004      0.00000         0.00     0.0000
  119    3123.83    9.947377e-7      -0.0006      0.00000         0.00     0.0000
  120    3164.37   -8.906820e-7       0.0005      0.00000         0.00     0.0000
  121    3164.39   -1.812359e-6       0.0010      0.00000         0.00     0.0000
  122    3167.31    1.844834e-6      -0.0011      0.00000         0.00     0.0000
  123    3167.33    9.672704e-7      -0.0006      0.00000         0.00     0.0000
  124    3167.85   -1.314925e-6       0.0008      0.00000         0.00     0.0000
  125    3167.90    1.330163e-6      -0.0008      0.00000         0.00     0.0000
  126    3217.33    5.413357e-6      -0.0031      0.00000         0.01     0.0001
  127    3217.38   -9.819505e-6       0.0055      0.00002         0.05     0.0004
  128    3219.72    1.677541e-5      -0.0094      0.00004         0.14     0.0013

B. DUSCHINSKY MODE CORRESPONDENCE  (200-1800 cm-1 block)
   excited state: 117 real modes, 6 imaginary
   block: 79 ground-state x 78 excited-state modes
   mean participation = 4.551   (1.0 = modes preserved intact)
   modes with overlap > 0.7 : 7 of 78

   ES/cm-1    <-GS/cm-1      shift    overlap  participation    GSidx
    206.03       258.18     -52.15     0.3550           3.88       33
    228.60       242.16     -13.56     0.4478           3.36       31
    246.50       258.18     -11.68     0.3642           4.01       33
    249.61       241.42       8.19     0.4388           3.76       30
    261.53       246.88      14.65     0.3161           4.18       32
    282.53       241.42      41.11     0.2385           7.39       30
    312.14       277.60      34.53     0.6074           2.37       35
    343.70       274.45      69.26     0.6172           2.40       34
    381.38       400.30     -18.91     0.8166           1.49       36
    393.75       406.08     -12.33     0.9404           1.13       38
    399.48       402.43      -2.95     0.8008           1.54       37
    455.37       435.03      20.34     0.6678           2.09       41
    491.04       531.25     -40.21     0.3698           5.06       42
    497.60       532.31     -34.71     0.4755           3.08       43
    504.81       540.78     -35.97     0.3872           4.36       44
    534.57       563.90     -29.33     0.3482           5.39       46
    550.25       563.90     -13.65     0.3752           3.51       46
    560.22       562.81      -2.59     0.3403           5.65       45
    590.11       563.97      26.14     0.2435           7.35       47
    607.75       666.77     -59.02     0.2273           7.43       52
    633.98       656.48     -22.50     0.5572           2.75       49
    650.29       667.32     -17.03     0.5512           3.02       53
    659.16       664.88      -5.73     0.3502           4.13       51
    673.13       664.88       8.25     0.3977           4.13       51
    709.69       666.77      42.92     0.3500           5.97       52
    774.96       661.09     113.86     0.2319          10.11       50
    813.66       811.22       2.44     0.4774           3.08       55
    821.97       811.22      10.75     0.4666           2.57       55
    836.81       812.45      24.36     0.4759           3.34       56
    904.79       948.07     -43.28     0.5171           3.31       57
    939.24       951.46     -12.22     0.3298           4.92       62
    940.37       950.09      -9.72     0.4035           3.28       60
    944.80       951.46      -6.66     0.3632           3.94       62
    953.05       950.32       2.73     0.6638           2.12       61
    961.07       949.43      11.64     0.5461           2.91       59
   1005.59      1040.12     -34.53     0.2071           8.20       73
   1015.64      1026.29     -10.65     0.5309           2.53       64
   1016.65      1026.71     -10.06     0.6103           2.52       66
   1018.75      1028.03      -9.28     0.3886           4.62       68
   1022.16      1026.34      -4.18     0.4213           3.48       65
   1026.46      1026.06       0.40     0.3293           4.80       63
   1028.09      1039.98     -11.89     0.8059           1.53       72
   1033.43      1040.12      -6.69     0.4083           4.24       73
   1046.81      1035.87      10.94     0.7794           1.64       71
   1098.94      1031.41      67.53     0.2788           7.53       70
   1163.51      1193.64     -30.14     0.5752           2.80       75
   1178.02      1195.97     -17.95     0.3797           4.86       77
   1196.31      1194.28       2.03     0.6307           2.15       76
   1220.38      1289.25     -68.87     0.1827          12.44       78
   1237.76      1289.25     -51.49     0.3662           5.48       78
   1273.87      1290.46     -16.59     0.6629           2.24       79
   1291.73      1295.48      -3.75     0.5894           2.75       80
   1302.69      1346.36     -43.67     0.3137           7.19       81
   1335.89      1370.63     -34.74     0.3709           4.73       86
   1338.42      1348.40      -9.98     0.3248           6.14       83
   1364.42      1373.66      -9.24     0.3810           3.85       88
   1368.56      1370.27      -1.71     0.5515           2.87       85
   1373.43      1373.62      -0.18     0.3483           5.72       87
   1374.00      1370.23       3.77     0.3818           4.92       84
   1383.20      1346.79      36.42     0.2040           8.29       82
   1398.72      1443.86     -45.14     0.2925           8.71       98
   1426.54      1442.30     -15.76     0.3279           4.65       93
   1428.65      1442.12     -13.47     0.2580           6.02       90
   1429.60      1442.18     -12.58     0.3318           6.55       91
   1430.82      1442.40     -11.58     0.3114           5.10       95
   1431.28      1442.40     -11.12     0.5207           3.24       95
   1433.57      1442.25      -8.68     0.4523           3.68       92
   1437.18      1442.38      -5.20     0.3091           6.38       94
   1441.75      1446.38      -4.64     0.3960           3.96      101
   1455.88      1446.38       9.50     0.3225           6.08      101
   1460.06      1443.86      16.20     0.3218           6.01       98
   1472.02      1445.41      26.61     0.3876           5.11       99
   1479.97      1559.53     -79.56     0.2307           7.49      107
   1516.81      1551.82     -35.01     0.7102           1.88      106
   1521.24      1550.98     -29.75     0.5556           2.85      104
   1530.97      1551.21     -20.24     0.7169           1.86      105
   1608.99      1543.19      65.79     0.3805           4.92      103
   1755.25      1542.81     212.44     0.1825          13.98      102
